
{
	r.shadow.quality: 4.000000
	r.texture.quality: 1.000000
	r.screen_percentage: 200.000000
	r.ssao.enabled: 1.000000
	r.ssao.quality: 1.000000
	r.ssshadows.enabled: 1.000000
	r.ssshadows.quality: 1.000000
	r.shadow.enabled: 1.000000
}
